8
9
10
11
12
13
14
15
109
110
111
112
193
194
219
220
221
222
232
333
372
373
374
375
462
463
496
497
539
552
553
558
559
563
564
649
650
736
737
784
786
795
886
887
957
1148
1210
1211
1212
1213
1325
1326
1359
1360
1386
1493
1726
1727
1759
1790
1857
1886
1896
1897
1898
1901
1902
1903
1931
1932
1933
1934
1940
1941
1948
1949
2036
2115
2149
2150
2151
2162
2218
2219
2251
2253
2254
2483
2484
2531
2629
2870
2893
2964
2974
2975
2976
2979
2980
2981
3012
3013
3142
3174
3184
3185
3186
3187
3188
3189
3190
3191
3192
3193
3194
3195
3196
3197
3198
3199
3200
3201
3202
3203
3204
3205
3206
3207
3208
3209
3210
3211
3212
3213
3214
3215
3216
3217
3218
3219
3220
3221
3222
3223
3224
3225
3226
3227
3228
3229
3230
3231
3232
3233
3234
3235
3236
3237
3238
3239
3240
3241
3242
3243
3244
3245
3246
3247
3248
3249
3250
3251
3252
3253
3254
3255
3256
3257
3258
3259
3260
3261
3262
3263
3264
3265
3266
3267
3268
3269
3270
3271
3272
3273
3274
3275
3276
3277
3278
3279
3280
3281
3282
3283
3284
3285
3286
3287
3288
3289
3290
3291
3292
3293
3294
3295
3296
3297
3298
3299
3300
3301
3302
3303
3304
3305
3306
3307
3308
3309
3310
3311
3312
3313
3314
3315
3316
3317
3318
3319
3320
3321
3322
3323
3324
3325
3326
3327
3328
3329
3330
3331
3332
3333
3334
3335
3336
3337
3338
3339
3340
3341
3342
3343
3344
3345
3346
3347
3348
3349
3350
3351
3352
3353
3354
3355
3356
3357
3358
3359
3360
3361
3362
3363
3364
3365
3366
3367
3368
3369
3370
3371
3372
3373
3374
3375
3376
3377
3378
3379
3462
3463
3494
3496
3510
3544
3562
3569
3713
